000000000000
000000000000
000000000000
000000000000
000000000001
000000000000
000000000000
000000000000
000000000010
000000000000
000000000000
000000000000
000000000011
000000000000
000000000000
000000000000
000000000100
000000000000
000000000000
000000000000
000000000101
000000000000
000000000000
000000000000
000000000110
000000000000
000000000000
000000000000
000000000111
000000000000
000000000000
000000000000
000000001000
000000000000
000000000000
000000000000
000000001001
000000000000
000000000000
000000000000
000000010000
000000000000
000000000000
000000000000
000000010001
000000000000
000000000000
000000000000
000000010010
000000000000
000000000000
000000000000
000000010011
000000000000
000000000000
000000000000
000000010100
000000000000
000000000000
000000000000
000000010101
000000000000
000000000000
000000000000
000000000001
000000000001
000000000000
000000000000
000000000010
000000000000
000000000001
000000000001
000000000011
000000000000
000000000010
000000000000
000000000100
000000000000
000000000011
000000000000
000000000101
000000000000
000000000100
000000000000
000000000110
000000000000
000000000101
000000000000
000000000111
000000000000
000000000110
000000000000
000000001000
000000000000
000000000111
000000000000
000000001001
000000000000
000000001000
000000000000
000000010000
000000000000
000000001001
000000000000
000000010001
000000000000
000000010000
000000000000
000000010010
000000000000
000000010001
000000000000
000000010011
000000000000
000000010010
000000000000
000000010100
000000000000
000000010011
000000000000
000000010101
000000000000
000000010100
000000000000
000000010110
000000000000
000000010101
000000000000
000000000010
000000000010
000000000000
000000000000
000000000011
000000000001
000000000010
000000000010
000000000100
000000000000
000000000100
000000000001
000000000101
000000000000
000000000110
000000000000
000000000110
000000000000
000000001000
000000000000
000000000111
000000000000
000000010000
000000000000
000000001000
000000000000
000000010010
000000000000
000000001001
000000000000
000000010100
000000000000
000000010000
000000000000
000000010110
000000000000
000000010001
000000000000
000000011000
000000000000
000000010010
000000000000
000000100000
000000000000
000000010011
000000000000
000000100010
000000000000
000000010100
000000000000
000000100100
000000000000
000000010101
000000000000
000000100110
000000000000
000000010110
000000000000
000000101000
000000000000
000000010111
000000000000
000000110000
000000000000
000000000011
000000000011
000000000000
000000000000
000000000100
000000000010
000000000011
000000000011
000000000101
000000000001
000000000110
000000000001
000000000110
000000000000
000000001001
000000000001
000000000111
000000000000
000000010010
000000000000
000000001000
000000000000
000000010101
000000000000
000000001001
000000000000
000000011000
000000000000
000000010000
000000000000
000000100001
000000000000
000000010001
000000000000
000000100100
000000000000
000000010010
000000000000
000000100111
000000000000
000000010011
000000000000
000000110000
000000000000
000000010100
000000000000
000000110011
000000000000
000000010101
000000000000
000000110110
000000000000
000000010110
000000000000
000000111001
000000000000
000000010111
000000000000
000001000010
000000000000
000000011000
000000000000
000001000101
000000000000
000000000100
000000000100
000000000000
000000000000
000000000101
000000000011
000000000100
000000000100
000000000110
000000000010
000000001000
000000000010
000000000111
000000000001
000000010010
000000000001
000000001000
000000000000
000000010110
000000000001
000000001001
000000000000
000000100000
000000000000
000000010000
000000000000
000000100100
000000000000
000000010001
000000000000
000000101000
000000000000
000000010010
000000000000
000000110010
000000000000
000000010011
000000000000
000000110110
000000000000
000000010100
000000000000
000001000000
000000000000
000000010101
000000000000
000001000100
000000000000
000000010110
000000000000
000001001000
000000000000
000000010111
000000000000
000001010010
000000000000
000000011000
000000000000
000001010110
000000000000
000000011001
000000000000
000001100000
000000000000
000000000101
000000000101
000000000000
000000000000
000000000110
000000000100
000000000101
000000000101
000000000111
000000000011
000000010000
000000000010
000000001000
000000000010
000000010101
000000000001
000000001001
000000000001
000000100000
000000000001
000000010000
000000000000
000000100101
000000000001
000000010001
000000000000
000000110000
000000000000
000000010010
000000000000
000000110101
000000000000
000000010011
000000000000
000001000000
000000000000
000000010100
000000000000
000001000101
000000000000
000000010101
000000000000
000001010000
000000000000
000000010110
000000000000
000001010101
000000000000
000000010111
000000000000
000001100000
000000000000
000000011000
000000000000
000001100101
000000000000
000000011001
000000000000
000001110000
000000000000
000000100000
000000000000
000001110101
000000000000
000000000110
000000000110
000000000000
000000000000
000000000111
000000000101
000000000110
000000000110
000000001000
000000000100
000000010010
000000000011
000000001001
000000000011
000000011000
000000000010
000000010000
000000000010
000000100100
000000000001
000000010001
000000000001
000000110000
000000000001
000000010010
000000000000
000000110110
000000000001
000000010011
000000000000
000001000010
000000000000
000000010100
000000000000
000001001000
000000000000
000000010101
000000000000
000001010100
000000000000
000000010110
000000000000
000001100000
000000000000
000000010111
000000000000
000001100110
000000000000
000000011000
000000000000
000001110010
000000000000
000000011001
000000000000
000001111000
000000000000
000000100000
000000000000
000010000100
000000000000
000000100001
000000000000
000010010000
000000000000
000000000111
000000000111
000000000000
000000000000
000000001000
000000000110
000000000111
000000000111
000000001001
000000000101
000000010100
000000000011
000000010000
000000000100
000000100001
000000000010
000000010001
000000000011
000000101000
000000000001
000000010010
000000000010
000000110101
000000000001
000000010011
000000000001
000001000010
000000000001
000000010100
000000000000
000001001001
000000000001
000000010101
000000000000
000001010110
000000000000
000000010110
000000000000
000001100011
000000000000
000000010111
000000000000
000001110000
000000000000
000000011000
000000000000
000001110111
000000000000
000000011001
000000000000
000010000100
000000000000
000000100000
000000000000
000010010001
000000000000
000000100001
000000000000
000010011000
000000000000
000000100010
000000000000
000100000101
000000000000
000000001000
000000001000
000000000000
000000000000
000000001001
000000000111
000000001000
000000001000
000000010000
000000000110
000000010110
000000000100
000000010001
000000000101
000000100100
000000000010
000000010010
000000000100
000000110010
000000000010
000000010011
000000000011
000001000000
000000000001
000000010100
000000000010
000001001000
000000000001
000000010101
000000000001
000001010110
000000000001
000000010110
000000000000
000001100100
000000000001
000000010111
000000000000
000001110010
000000000000
000000011000
000000000000
000010000000
000000000000
000000011001
000000000000
000010001000
000000000000
000000100000
000000000000
000010010110
000000000000
000000100001
000000000000
000100000100
000000000000
000000100010
000000000000
000100010010
000000000000
000000100011
000000000000
000100100000
000000000000
000000001001
000000001001
000000000000
000000000000
000000010000
000000001000
000000001001
000000001001
000000010001
000000000111
000000011000
000000000100
000000010010
000000000110
000000100111
000000000011
000000010011
000000000101
000000110110
000000000010
000000010100
000000000100
000001000101
000000000001
000000010101
000000000011
000001010100
000000000001
000000010110
000000000010
000001100011
000000000001
000000010111
000000000001
000001110010
000000000001
000000011000
000000000000
000010000001
000000000001
000000011001
000000000000
000010010000
000000000000
000000100000
000000000000
000010011001
000000000000
000000100001
000000000000
000100001000
000000000000
000000100010
000000000000
000100010111
000000000000
000000100011
000000000000
000100100110
000000000000
000000100100
000000000000
000100110101
000000000000
000000010000
000000010000
000000000000
000000000000
000000010001
000000001001
000000010000
000000010000
000000010010
000000001000
000000100000
000000000101
000000010011
000000000111
000000110000
000000000011
000000010100
000000000110
000001000000
000000000010
000000010101
000000000101
000001010000
000000000010
000000010110
000000000100
000001100000
000000000001
000000010111
000000000011
000001110000
000000000001
000000011000
000000000010
000010000000
000000000001
000000011001
000000000001
000010010000
000000000001
000000100000
000000000000
000100000000
000000000001
000000100001
000000000000
000100010000
000000000000
000000100010
000000000000
000100100000
000000000000
000000100011
000000000000
000100110000
000000000000
000000100100
000000000000
000101000000
000000000000
000000100101
000000000000
000101010000
000000000000
000000010001
000000010001
000000000000
000000000000
000000010010
000000010000
000000010001
000000010001
000000010011
000000001001
000000100010
000000000101
000000010100
000000001000
000000110011
000000000011
000000010101
000000000111
000001000100
000000000010
000000010110
000000000110
000001010101
000000000010
000000010111
000000000101
000001100110
000000000001
000000011000
000000000100
000001110111
000000000001
000000011001
000000000011
000010001000
000000000001
000000100000
000000000010
000010011001
000000000001
000000100001
000000000001
000100010000
000000000001
000000100010
000000000000
000100100001
000000000001
000000100011
000000000000
000100110010
000000000000
000000100100
000000000000
000101000011
000000000000
000000100101
000000000000
000101010100
000000000000
000000100110
000000000000
000101100101
000000000000
000000010010
000000010010
000000000000
000000000000
000000010011
000000010001
000000010010
000000010010
000000010100
000000010000
000000100100
000000000110
000000010101
000000001001
000000110110
000000000100
000000010110
000000001000
000001001000
000000000011
000000010111
000000000111
000001100000
000000000010
000000011000
000000000110
000001110010
000000000010
000000011001
000000000101
000010000100
000000000001
000000100000
000000000100
000010010110
000000000001
000000100001
000000000011
000100001000
000000000001
000000100010
000000000010
000100100000
000000000001
000000100011
000000000001
000100110010
000000000001
000000100100
000000000000
000101000100
000000000001
000000100101
000000000000
000101010110
000000000000
000000100110
000000000000
000101101000
000000000000
000000100111
000000000000
000110000000
000000000000
000000010011
000000010011
000000000000
000000000000
000000010100
000000010010
000000010011
000000010011
000000010101
000000010001
000000100110
000000000110
000000010110
000000010000
000000111001
000000000100
000000010111
000000001001
000001010010
000000000011
000000011000
000000001000
000001100101
000000000010
000000011001
000000000111
000001111000
000000000010
000000100000
000000000110
000010010001
000000000001
000000100001
000000000101
000100000100
000000000001
000000100010
000000000100
000100010111
000000000001
000000100011
000000000011
000100110000
000000000001
000000100100
000000000010
000101000011
000000000001
000000100101
000000000001
000101010110
000000000001
000000100110
000000000000
000101101001
000000000001
000000100111
000000000000
000110000010
000000000000
000000101000
000000000000
000110010101
000000000000
000000010100
000000010100
000000000000
000000000000
000000010101
000000010011
000000010100
000000010100
000000010110
000000010010
000000101000
000000000111
000000010111
000000010001
000001000010
000000000100
000000011000
000000010000
000001010110
000000000011
000000011001
000000001001
000001110000
000000000010
000000100000
000000001000
000010000100
000000000010
000000100001
000000000111
000010011000
000000000010
000000100010
000000000110
000100010010
000000000001
000000100011
000000000101
000100100110
000000000001
000000100100
000000000100
000101000000
000000000001
000000100101
000000000011
000101010100
000000000001
000000100110
000000000010
000101101000
000000000001
000000100111
000000000001
000110000010
000000000001
000000101000
000000000000
000110010110
000000000001
000000101001
000000000000
001000010000
000000000000
000000010101
000000010101
000000000000
000000000000
000000010110
000000010100
000000010101
000000010101
000000010111
000000010011
000000110000
000000000111
000000011000
000000010010
000001000101
000000000101
000000011001
000000010001
000001100000
000000000011
000000100000
000000010000
000001110101
000000000011
000000100001
000000001001
000010010000
000000000010
000000100010
000000001000
000100000101
000000000010
000000100011
000000000111
000100100000
000000000001
000000100100
000000000110
000100110101
000000000001
000000100101
000000000101
000101010000
000000000001
000000100110
000000000100
000101100101
000000000001
000000100111
000000000011
000110000000
000000000001
000000101000
000000000010
000110010101
000000000001
000000101001
000000000001
001000010000
000000000001
000000110000
000000000000
001000100101
000000000001